

One layer with (1 - 100) neurons 15 epochs ReLU
5 0.29885 
10 0.7252000000000001 
15 0.7397 
20 0.8576 
25 0.9585999999999999 
30 0.9159999999999999 
35 0.872 
40 0.9217 
45 0.91395 
50 0.9702 
55 0.9222 
60 0.9169 
65 0.9724999999999999 
70 0.87475 
75 0.92685 
80 0.9287 
85 0.9742500000000001 
90 0.9737 
95 0.7907 
100 0.9292 


One layer with (1 - 100) neurons 15 epochs sigmoid
5 0.20925 
10 0.85025 
15 0.89035 
20 0.8531 
25 0.9123 
30 0.96005 
35 0.9623999999999999 
40 0.9653 
45 0.9702 
50 0.9694499999999999 
55 0.923 
60 0.97325 
65 0.9263 
70 0.9264 
75 0.97435 
80 0.9259 
85 0.9749 
90 0.9742500000000001 
95 0.9753000000000001 
100 0.9753499999999999 


One layer with (1 - 100) neurons 10 epochs sigmoid
5 0.2131 
10 0.56285 
15 0.8849 
20 0.94775 
25 0.95115 
30 0.96175 
35 0.96475 
40 0.91945 
45 0.91795 
50 0.8654 
55 0.87625 
60 0.8689 
65 0.9238 
70 0.9695 
75 0.97255 
80 0.91665 
85 0.9235 
90 0.833 
95 0.92595 
100 0.9728 
105 0.91845 


One layer with (1 - 40) neurons and 15 epochs with Sigmoid()
1 0.2092 
2 0.34295 
4 0.62825 
6 0.72265 
8 0.8402000000000001 
10 0.8204 
12 0.8661000000000001 
14 0.8759 
16 0.8776999999999999 
18 0.9096 
20 0.85085 
22 0.8877999999999999 
24 0.8968 
26 0.8794 
28 0.87755 
30 0.86765 
32 0.8565499999999999 
34 0.9014 
36 0.90345 
38 0.9119999999999999 
40 0.8982 


One layer with (1 - 40) neurons and 10 epochs with Sigmoid()
1 0.21175 
2 0.35725 
4 0.68935 
6 0.7956000000000001 
8 0.8047500000000001 
10 0.8721 
12 0.87005 
14 0.8545499999999999 
16 0.8957999999999999 
18 0.8494999999999999 
20 0.85645 
22 0.8920999999999999 
24 0.9006 
26 0.8673500000000001 
28 0.8947 
30 0.90255 
32 0.8398000000000001 
34 0.8677 
36 0.88635 
38 0.85425 
40 0.89985 


One layer with (1 - 40) neurons and 5 epochs with Sigmoid()
1 0.21055000000000001 
2 0.3503 
4 0.6108 
6 0.7509 
8 0.8377 
10 0.8059499999999999 
12 0.84815 
14 0.86005 
16 0.8566 
18 0.8671500000000001 
20 0.862 
22 0.867 
24 0.8759 
26 0.86635 
28 0.8653500000000001 
30 0.87085 
32 0.8665 
34 0.867 
36 0.86585 
38 0.8703000000000001 
40 0.87565 


One layer with (1 - 40) neurons and 15 epochs with ReLU()
1 0.34005 
2 0.53945 
4 0.8340000000000001 
6 0.9043000000000001 
8 0.9236 
10 0.8414 
12 0.89335 
14 0.8042 
16 0.8593 
18 0.91125 
20 0.8637 
22 0.90595 
24 0.96225 
26 0.9151 
28 0.90995 
30 0.86955 
32 0.9662999999999999 
34 0.96915 
36 0.9691000000000001 
38 0.8749 
40 0.8191 


One layer with (1 - 40) neurons and 10 epochs with ReLU()
1 0.3054 
2 0.5877 
4 0.7256 
6 0.86615 
8 0.78895 
10 0.76135 
12 0.9398 
14 0.7111000000000001 
16 0.94705 
18 0.95165 
20 0.778 
22 0.9013500000000001 
24 0.91115 
26 0.91135 
28 0.96255 
30 0.8675999999999999 
32 0.8708499999999999 
34 0.9632000000000001 
36 0.8223499999999999 
38 0.9673499999999999 
40 0.9656 


One layer with (1 - 40) neurons and 5 epochs with ReLU()
1 0.30435 
2 0.5044500000000001 
4 0.61805 
6 0.81505 
8 0.9117 
10 0.7460500000000001 
12 0.79035 
14 0.89575 
16 0.9406 
18 0.75495 
20 0.9007000000000001 
22 0.9492 
24 0.86035 
26 0.8154 
28 0.90015 
30 0.8183 
32 0.9581 
34 0.81365 
36 0.9085000000000001 
38 0.8246499999999999 
40 0.9036500000000001 


Two layers with (1 - 40) neurons and 15 epochs with Sigmoid()
1 0.2697 
2 0.5736 
4 0.8221 
6 0.88535 
8 0.91325 
10 0.92245 
12 0.9329000000000001 
14 0.9387000000000001 
16 0.9424 
18 0.9454 
20 0.94865 
22 0.9512 
24 0.95305 
26 0.9531000000000001 
28 0.95475 
30 0.95465 
32 0.95765 
34 0.9569 
36 0.9582999999999999 
38 0.958 
40 0.9601 


Two layers with (1 - 40) neurons and 10 epochs with Sigmoid()
1 0.26689999999999997 
2 0.4817 
4 0.7919 
6 0.8684499999999999 
8 0.90005 
10 0.9115500000000001 
12 0.9254 
14 0.92625 
16 0.9351 
18 0.9353 
20 0.9392 
22 0.94165 
24 0.9430000000000001 
26 0.94475 
28 0.94625 
30 0.9470000000000001 
32 0.94775 
34 0.9497 
36 0.94905 
38 0.9492 
40 0.9490000000000001 


Two layers with (1 - 40) neurons and 5 epochs with Sigmoid()
1 0.24070000000000003 
2 0.43935 
4 0.7064999999999999 
6 0.83145 
8 0.85975 
10 0.8919 
12 0.9018999999999999 
14 0.9053 
16 0.9055500000000001 
18 0.90985 
20 0.9152 
22 0.91505 
24 0.9172 
26 0.92215 
28 0.92005 
30 0.9188000000000001 
32 0.9198999999999999 
34 0.92045 
36 0.91995 
38 0.9209 
40 0.92045 


Two layers with (1 - 40) neurons and 15 epochs with ReLU()
1 0.23185 
2 0.3829 
4 0.8437 
6 0.89835 
8 0.9138999999999999 
10 0.9291 
12 0.9390499999999999 
14 0.9454 
16 0.95045 
18 0.95485 
20 0.95635 
22 0.95615 
24 0.9593499999999999 
26 0.9596 
28 0.9646 
30 0.96205 
32 0.96235 
34 0.96545 
36 0.9638 
38 0.9672000000000001 
40 0.9669000000000001 


Two layers with (1 - 40) neurons and 10 epochs with ReLU()
1 0.1028 
2 0.67665 
4 0.83965 
6 0.89365 
8 0.9205000000000001 
10 0.9309 
12 0.9352 
14 0.9473499999999999 
16 0.9446 
18 0.95675 
20 0.9546 
22 0.9563999999999999 
24 0.9569000000000001 
26 0.9637 
28 0.9642 
30 0.9641 
32 0.9646 
34 0.964 
36 0.9658 
38 0.96585 
40 0.9684999999999999 


Two layers with (1 - 40) neurons and 5 epochs with ReLU()
1 0.23165000000000002 
2 0.6616500000000001 
4 0.8282 
6 0.8935 
8 0.90935 
10 0.92085 
12 0.9307 
14 0.93465 
16 0.9432 
18 0.94855 
20 0.9499 
22 0.9493 
24 0.9517500000000001 
26 0.9546 
28 0.95615 
30 0.9603999999999999 
32 0.95975 
34 0.9581 
36 0.9621500000000001 
38 0.9626 
40 0.9660500000000001 


Two layers with (40 - 95) neurons and 15 epochs with Sigmoid()
40 0.95985 211.0302917957306
45 0.9601 226.79450583457947
50 0.96115 231.71704030036926
55 0.9616 239.07493209838867
60 0.9615 238.55442595481873
65 0.9633 239.48573994636536
70 0.9616 239.53265500068665
75 0.9621999999999999 243.75299668312073
80 0.9637500000000001 247.15138816833496
85 0.96305 248.64431428909302
90 0.9621500000000001 251.39677000045776
95 0.962 258.70224714279175
100 0.9603999999999999 258.7425479888916
105 0.9618500000000001 268.7959506511688
110 0.9621500000000001 274.3307557106018
115 0.96255 276.20869421958923
120 0.9613499999999999 293.51123309135437
125 0.96105 305.0575451850891
130 0.96035 306.94025707244873
135 0.9598500000000001 314.2863652706146


Two layers with (40 - 95) neurons and 15 epochs with ReLU()
40 0.9702500000000001 192.292555809021
45 0.9678 224.03810214996338
50 0.9695 238.4776029586792
55 0.9693 245.90144109725952
60 0.97205 249.6487739086151
65 0.97085 253.2861030101776
70 0.97085 257.542405128479
75 0.97095 270.3237679004669
80 0.97175 258.84926891326904
85 0.9752 308.8856818675995
90 0.9737 267.5145127773285
95 0.9748 285.5007526874542
100 0.97565 274.07022881507874
105 0.97505 278.48565316200256
110 0.97685 286.7813093662262
115 0.97785 286.395094871521
120 0.9766999999999999 289.59689021110535
125 0.9753499999999999 296.13807010650635
130 0.9763 319.1709921360016
135 0.9776499999999999 308.81805300712585


Two layers with (140 - 190) neurons and 10 epochs with Sigmoid()
140 0.94755 208.42242312431335
150 0.9466 222.87424206733704
160 0.9471 232.3158459663391
170 0.9461999999999999 227.9032118320465
180 0.94455 241.98369002342224
190 0.9450000000000001 245.97060084342957
200 0.9438500000000001 253.7500660419464
210 0.9431 256.54293990135193
220 0.94235 272.03146290779114
230 0.94355 276.4580969810486
240 0.94085 284.75991201400757
250 0.94175 348.92465806007385
260 0.94155 312.32080698013306
270 0.94075 318.8126139640808
280 0.94065 339.4691779613495
290 0.93945 337.2223632335663
300 0.93895 351.2314610481262
310 0.9390499999999999 360.5746970176697
320 0.9390499999999999 364.68660831451416
330 0.9378 375.4221611022949


Two layers with (140 - 190) neurons and 10 epochs with ReLU()
140 0.9747 213.9331090450287
150 0.9753 225.17749094963074
160 0.9762 227.5840880870819
170 0.9759 240.60898995399475
180 0.97475 245.84550309181213
190 0.97585 255.35388326644897
200 0.97495 261.01801776885986
210 0.97595 268.7542631626129
220 0.9751000000000001 278.44460129737854
230 0.9761 290.86562514305115
240 0.97655 296.93061685562134
250 0.9761 305.3451099395752
260 0.97695 315.65661001205444
270 0.9758 325.1719789505005
280 0.9769 331.53819131851196
290 0.9775499999999999 345.23041009902954
300 0.97715 357.5086770057678
310 0.9777 361.57878518104553
320 0.9773499999999999 367.3933901786804
330 0.978 382.1749827861786


One layer with (1 - 40) neurons and 15 epochs with Sigmoid() MSE
0 0.16055000000000003 137.08454394340515
2 0.16155000000000003 142.42259311676025
4 0.26089999999999997 142.9031240940094
6 0.55705 140.12075209617615
8 0.6058 140.8988070487976
10 0.7381500000000001 140.047208070755
12 0.6717 143.1896617412567
14 0.7333000000000001 149.0541820526123
16 0.77755 144.83284401893616
18 0.75545 145.99743676185608
20 0.79325 146.06978511810303
22 0.80055 147.15742683410645
24 0.8091999999999999 148.90156197547913
26 0.83185 148.8627119064331
28 0.83545 150.28322100639343
30 0.8397 151.41139793395996
32 0.8419000000000001 152.99838185310364
34 0.8292999999999999 153.43038201332092
36 0.83855 152.27614188194275
38 0.84375 156.07983708381653
40 0.8474999999999999 155.27700996398926


One layer with (1 - 40) neurons and 10 epochs with Sigmoid() MSE
0 0.11350000000000005 90.51103496551514
2 0.20090000000000002 91.40975379943848
4 0.23615000000000003 91.86149597167969
6 0.36129999999999995 91.62401103973389
8 0.44434999999999997 93.10322284698486
10 0.548 92.67100286483765
12 0.6032 94.84984493255615
14 0.60565 96.92663788795471
16 0.61515 95.5190179347992
18 0.6591499999999999 96.61477708816528
20 0.6755500000000001 97.46288681030273
22 0.6990000000000001 97.89608788490295
24 0.6988 99.17134594917297
26 0.6986 100.10670399665833
28 0.69705 101.77535390853882
30 0.736 102.978590965271
32 0.7483500000000001 103.6921226978302
34 0.76195 104.04234981536865
36 0.73895 104.94409418106079
38 0.7335499999999999 106.36358284950256
40 0.74715 106.47360897064209


One layer with (1 - 40) neurons and 5 epochs with Sigmoid() MSE
0 0.13494999999999996 47.115500926971436
2 0.11345 47.261682987213135
4 0.2 46.83854413032532
6 0.24345 47.70907688140869
8 0.36275 48.80740308761597
10 0.3422 51.04799818992615
12 0.39680000000000004 49.694106101989746
14 0.31834999999999997 49.65902519226074
16 0.4405 50.78144383430481
18 0.45455 50.2627489566803
20 0.3851 50.02292466163635
22 0.43979999999999997 50.95574498176575
24 0.44365 50.995185136795044
26 0.50105 50.65207505226135
28 0.508 51.956897020339966
30 0.46080000000000004 52.36351466178894
32 0.47815 52.89610695838928
34 0.49620000000000003 52.85386896133423
36 0.4517 53.11919164657593
38 0.5122 53.1743049621582
40 0.4819 54.00436091423035


One layer with (1 - 40) neurons and 15 epochs with ReLU() MSE
0 0.2886 134.01096296310425
2 0.44375 138.12762093544006
4 0.53195 136.80785274505615
6 0.7561 139.48985195159912
8 0.8248 139.09167528152466
10 0.8256 139.85781502723694
12 0.7906500000000001 142.8097050189972
14 0.7805500000000001 143.37650895118713
16 0.7585 143.7822790145874
18 0.74615 144.57813024520874
20 0.7552 145.94103598594666
22 0.86265 147.54915404319763
24 0.8589 148.1826891899109
26 0.80695 149.9471673965454
28 0.8664000000000001 149.83771800994873
30 0.90845 151.11640906333923
32 0.9107000000000001 156.1278052330017
34 0.8984 152.0046558380127
36 0.8425 153.5450370311737
38 0.9097500000000001 153.11347699165344
40 0.9487000000000001 154.942773103714


One layer with (1 - 40) neurons and 10 epochs with ReLU() MSE
0 0.2963 91.00062394142151
2 0.5143 91.27685189247131
4 0.6448 91.25492691993713
6 0.68255 92.20839929580688
8 0.7315499999999999 92.4966950416565
10 0.6065 93.49956679344177
12 0.827 95.70087885856628
14 0.69955 95.9204170703888
16 0.6998 97.54074311256409
18 0.83865 97.12919187545776
20 0.8400000000000001 98.79799032211304
22 0.8063499999999999 99.00828385353088
24 0.80725 100.19860601425171
26 0.7951 100.10433721542358
28 0.9477 100.18882203102112
30 0.7678 101.41247367858887
32 0.8084 101.74929976463318
34 0.8611 102.12139701843262
36 0.8391500000000001 106.33585214614868
38 0.90285 104.56988596916199
40 0.84695 104.32700800895691


One layer with (1 - 40) neurons and 5 epochs with ReLU() MSE
0 0.25825 46.723984718322754
2 0.36185 46.801230907440186
4 0.4876 47.55796194076538
6 0.7182 47.28480911254883
8 0.7251000000000001 47.60793995857239
10 0.8170499999999999 47.59192419052124
12 0.79325 48.52682971954346
14 0.81925 48.99352812767029
16 0.6982999999999999 48.7561821937561
18 0.69355 49.573395013809204
20 0.8826 49.1796190738678
22 0.8354999999999999 50.58262085914612
24 0.8180499999999999 50.61380314826965
26 0.8874 50.74826383590698
28 0.7552 51.092328786849976
30 0.83165 51.56657695770264
32 0.93335 51.65838098526001
34 0.7966500000000001 53.03923773765564
36 0.7984 52.7248649597168
38 0.7924 52.68380284309387
40 0.8899 53.3664710521698


Two layers with (1 - 40) neurons and 15 epochs with Sigmoid() MSE
1 0.21284999999999998 167.77422714233398
2 0.3084 156.25871109962463
4 0.5456 154.02589106559753
6 0.60955 152.03725695610046
8 0.6467 149.95413398742676
10 0.7787999999999999 149.70260190963745
12 0.7962499999999999 153.57533836364746
14 0.80855 153.74566507339478
16 0.8190999999999999 154.63405394554138
18 0.78125 155.3696300983429
20 0.79655 158.19433903694153
22 0.8224 158.48476195335388
24 0.8209500000000001 158.96394205093384
26 0.8559 159.66842699050903
28 0.83995 163.5074760913849
30 0.85585 161.85352873802185
32 0.8445 162.96898794174194
34 0.8702 163.49686336517334
36 0.8553 165.24388790130615
38 0.87375 166.54492211341858
40 0.867 167.76161217689514


Two layers with (1 - 40) neurons and 10 epochs with Sigmoid() MSE
1 0.20550000000000002 96.0386700630188
2 0.4016 98.8806209564209
4 0.5627 98.73485398292542
6 0.6761 99.6576337814331
8 0.6406000000000001 99.98344683647156
10 0.65865 100.23948884010315
12 0.7147 102.69306111335754
14 0.74165 103.48344993591309
16 0.737 103.83863687515259
18 0.7486999999999999 104.46910524368286
20 0.7769999999999999 105.09294104576111
22 0.77025 105.62422299385071
24 0.8025500000000001 106.48654627799988
26 0.78135 107.08274626731873
28 0.81255 113.61109399795532
30 0.7781499999999999 109.43964004516602
32 0.79595 109.04579377174377
34 0.7903 109.46387386322021
36 0.8019499999999999 111.66041302680969
38 0.7987 112.51225900650024
40 0.8247500000000001 111.87270092964172


Two layers with (1 - 40) neurons and 5 epochs with Sigmoid() MSE
1 0.18810000000000004 48.91087508201599
2 0.24935000000000002 49.96901607513428
4 0.42385 50.9988579750061
6 0.48495 51.02883768081665
8 0.5317500000000001 51.06807613372803
10 0.5331 50.85077500343323
12 0.5511 54.2416718006134
14 0.6305499999999999 52.699023962020874
16 0.59985 52.60444116592407
18 0.61695 52.98889708518982
20 0.6374 53.80160188674927
22 0.6659 108.47551608085632
24 0.6753 214.55784678459167
26 0.64555 216.30208897590637
28 0.66335 218.44013905525208
30 0.6709499999999999 220.1976819038391
32 0.6592 220.87661600112915
34 0.73425 221.11571598052979
36 0.70295 223.0535707473755
38 0.7162000000000001 226.0409379005432
40 0.7178500000000001 2206.9167811870575


Two layers with (1 - 40) neurons and 15 epochs with ReLU() MSE
1 0.1486 146.83431887626648
2 0.25795 150.46935296058655
4 0.47765 152.48916602134705
6 0.61375 152.49106001853943
8 0.7920499999999999 158.61523985862732
10 0.8468500000000001 168.8320939540863
12 0.91385 157.942565202713
14 0.927 159.7959542274475
16 0.9291 159.82621693611145
18 0.9327000000000001 161.98388504981995
20 0.93485 163.00425601005554
22 0.9411 164.45394086837769
24 0.9412 166.27041387557983
26 0.9410499999999999 166.42037391662598
28 0.9437500000000001 169.4087791442871
30 0.94755 171.04172015190125
32 0.9467 170.4441499710083
34 0.9478500000000001 171.84911394119263
36 0.9480500000000001 174.42485904693604
38 0.94885 175.53202986717224
40 0.9521999999999999 176.44081211090088


Two layers with (1 - 40) neurons and 10 epochs with ReLU() MSE
1 0.2102 101.13365030288696
2 0.2577 103.33593225479126
4 0.43425 103.7864339351654
6 0.4562 104.49178814888
8 0.67995 105.94203996658325
10 0.8865 105.15722632408142
12 0.90865 108.26876783370972
14 0.9095 109.61837887763977
16 0.92205 112.54024815559387
18 0.9278500000000001 110.70058298110962
20 0.92735 111.1371898651123
22 0.9318 112.05896306037903
24 0.93375 114.91128706932068
26 0.9335 112.52479481697083
28 0.937 114.09379196166992
30 0.9372 115.2942578792572
32 0.9417500000000001 115.04335308074951
34 0.9391 116.90276575088501
36 0.94355 117.35418105125427
38 0.94055 117.84691500663757
40 0.9426 118.70517182350159


Two layers with (1 - 40) neurons and 5 epochs with ReLU() MSE
1 0.1498 51.50643491744995
2 0.20625000000000004 52.21997809410095
4 0.49439999999999995 52.876274824142456
6 0.63205 52.77071785926819
8 0.79455 52.971782207489014
10 0.8343499999999999 53.071187019348145
12 0.9008 55.400094985961914
14 0.90055 54.903104066848755
16 0.90235 55.07699179649353
18 0.91065 55.72702121734619
20 0.91825 55.83150672912598
22 0.9182 56.26380515098572
24 0.9198500000000001 56.73167395591736
26 0.92085 56.86346220970154
28 0.92475 57.32917618751526
30 0.9244 57.96525692939758
32 0.9242 58.12225079536438
34 0.9258500000000001 58.208061933517456
36 0.92845 58.713911056518555
38 0.9283 59.14647603034973
40 0.92775 59.64332175254822


CNN Two layers with (1 - 395) neurons and 10 epochs with ReLU() MSE
1 0.4491 647.7072837352753
5 0.9754499999999999 637.4651095867157
10 0.9849 627.5685038566589
15 0.9859500000000001 642.8628950119019
20 0.98535 647.4821169376373
25 0.9854499999999999 667.565299987793
30 0.98585 665.0346848964691
35 0.9851 717.4766690731049
40 0.98505 680.5937640666962
45 0.9874499999999999 694.6004831790924
50 0.9835499999999999 10308.025429964066
55 0.9862500000000001 10362.43158698082


Two layers with (40 - 235) neurons and 10 epochs with Sigmoid() CE
40 0.9668 124.57082295417786
45 0.9676499999999999 146.4766948223114
50 0.96585 164.2584981918335
55 0.9670000000000001 162.05113077163696
60 0.9674 168.57522892951965
65 0.9711000000000001 167.1860990524292
70 0.97125 169.51710081100464
75 0.97315 175.67149114608765
80 0.9702500000000001 186.99605798721313
85 0.9732000000000001 181.82051014900208
90 0.97275 183.51342916488647
95 0.9736 190.06983184814453
100 0.9738 190.8626959323883
105 0.97485 601.1181359291077
110 0.9726 685.1369090080261
115 0.97525 693.6355440616608
120 0.9737 902.0523567199707
125 0.975 213.50123596191406
130 0.9762 236.18281412124634
135 0.9749 374.9998981952667
140 0.9752000000000001 235.6906759738922
145 0.9756 223.24369430541992
150 0.9751000000000001 228.23831796646118
155 0.97575 234.6089370250702
160 0.97505 237.75952696800232
165 0.9761500000000001 242.39246582984924
170 0.9746 247.42137598991394
175 0.97655 256.5355498790741
